
Round: 0
00000000
00000000
00000000
00000000
00000000
00000000
00000000
00000000

Valid moves for 1:
3, 3
3, 4
4, 3
4, 4

Player 1: 4, 4

After move by Player 1
00000000
00000000
00000000
00001000
00000000
00000000
00000000
00000000


Round: 1
00000000
00000000
00000000
00001000
00000000
00000000
00000000
00000000

Valid moves for 2:
3, 3
3, 4
4, 3

Player 2: 4, 3

After move by Player 2
00000000
00000000
00000000
00021000
00000000
00000000
00000000
00000000


Round: 2
00000000
00000000
00000000
00021000
00000000
00000000
00000000
00000000

Valid moves for 1:
3, 3
3, 4

Player 1: 3, 3

After move by Player 1
00000000
00000000
00000000
00021000
00010000
00000000
00000000
00000000


Round: 3
00000000
00000000
00000000
00021000
00010000
00000000
00000000
00000000

Valid moves for 2:
3, 4

Player 2: 3, 4

After move by Player 2
00000000
00000000
00000000
00021000
00012000
00000000
00000000
00000000


Round: 4
00000000
00000000
00000000
00021000
00012000
00000000
00000000
00000000

Valid moves for 1:
2, 4
3, 5
4, 2
5, 3

Player 1: 5, 3

After move by Player 1
00000000
00000000
00010000
00011000
00012000
00000000
00000000
00000000


Round: 5
00000000
00000000
00010000
00011000
00012000
00000000
00000000
00000000

Valid moves for 2:
3, 2
5, 2
5, 4

Player 2: 5, 4

After move by Player 2
00000000
00000000
00012000
00012000
00012000
00000000
00000000
00000000


Round: 6
00000000
00000000
00012000
00012000
00012000
00000000
00000000
00000000

Valid moves for 1:
2, 5
3, 5
4, 5
5, 5
6, 5

Player 1: 4, 5

After move by Player 1
00000000
00000000
00012000
00011100
00012000
00000000
00000000
00000000


Round: 7
00000000
00000000
00012000
00011100
00012000
00000000
00000000
00000000

Valid moves for 2:
3, 2
3, 6
5, 2
5, 6

Player 2: 5, 6

After move by Player 2
00000000
00000000
00012020
00011200
00012000
00000000
00000000
00000000


Round: 8
00000000
00000000
00012020
00011200
00012000
00000000
00000000
00000000

Valid moves for 1:
2, 4
2, 5
3, 5
4, 6
5, 5
6, 4
6, 5

Player 1: 4, 6

After move by Player 1
00000000
00000000
00012020
00011110
00012000
00000000
00000000
00000000


Round: 9
00000000
00000000
00012020
00011110
00012000
00000000
00000000
00000000

Valid moves for 2:
3, 2
3, 6
5, 2

Player 2: 5, 2

After move by Player 2
00000000
00000000
00222020
00021110
00012000
00000000
00000000
00000000


Round: 10
00000000
00000000
00222020
00021110
00012000
00000000
00000000
00000000

Valid moves for 1:
2, 3
2, 4
3, 5
4, 2
6, 2
6, 3
6, 4
6, 6
6, 7

Player 1: 6, 4

After move by Player 1
00000000
00001000
00221020
00021110
00012000
00000000
00000000
00000000


Round: 11
00000000
00001000
00221020
00021110
00012000
00000000
00000000
00000000

Valid moves for 2:
2, 3
3, 2
3, 5
3, 6
4, 7
5, 5
6, 5
7, 4
7, 5

Player 2: 7, 5

After move by Player 2
00000200
00002000
00221020
00021110
00012000
00000000
00000000
00000000


Round: 12
00000200
00002000
00221020
00021110
00012000
00000000
00000000
00000000

Valid moves for 1:
2, 3
2, 4
3, 2
3, 5
4, 2
5, 1
6, 2
6, 3
6, 6
6, 7
7, 4

Player 1: 5, 1

After move by Player 1
00000200
00002000
01111020
00021110
00012000
00000000
00000000
00000000


Round: 13
00000200
00002000
01111020
00021110
00012000
00000000
00000000
00000000

Valid moves for 2:
2, 3
3, 2
3, 6
4, 2
4, 7
6, 1
6, 3
6, 5

Player 2: 6, 5

After move by Player 2
00000200
00002200
01112020
00021110
00012000
00000000
00000000
00000000


Round: 14
00000200
00002200
01112020
00021110
00012000
00000000
00000000
00000000

Valid moves for 1:
2, 3
2, 4
2, 5
3, 5
4, 2
5, 5
6, 3
6, 6
6, 7
7, 4

Player 1: 7, 4

After move by Player 1
00001200
00001200
01111020
00021110
00012000
00000000
00000000
00000000


Round: 15
00001200
00001200
01111020
00021110
00012000
00000000
00000000
00000000

Valid moves for 2:
2, 3
3, 2
3, 6
4, 2
4, 7
6, 1
6, 3
7, 3

Player 2: 7, 3

After move by Player 2
00022200
00001200
01111020
00021110
00012000
00000000
00000000
00000000


Round: 16
00022200
00001200
01111020
00021110
00012000
00000000
00000000
00000000

Valid moves for 1:
2, 3
2, 4
2, 5
3, 2
3, 5
4, 2
6, 6
6, 7
7, 6

Player 1: 7, 6

After move by Player 1
00022210
00001100
01111020
00021110
00012000
00000000
00000000
00000000


Round: 17
00022210
00001100
01111020
00021110
00012000
00000000
00000000
00000000

Valid moves for 2:
2, 3
3, 2
3, 6
4, 2
4, 7
5, 5
6, 1
6, 3
7, 7

Player 2: 7, 7

After move by Player 2
00022222
00001100
01111020
00021110
00012000
00000000
00000000
00000000


Round: 18
00022222
00001100
01111020
00021110
00012000
00000000
00000000
00000000

Valid moves for 1:
2, 3
2, 4
2, 5
3, 2
3, 5
4, 2
4, 7
6, 6
6, 7

Player 1: 4, 7

After move by Player 1
00022222
00001100
01111010
00021111
00012000
00000000
00000000
00000000


Round: 19
00022222
00001100
01111010
00021111
00012000
00000000
00000000
00000000

Valid moves for 2:
2, 3
3, 2
4, 2
5, 5
6, 1
6, 3
6, 7

Player 2: 6, 7

After move by Player 2
00022222
00001102
01111020
00021211
00012000
00000000
00000000
00000000


Round: 20
00022222
00001102
01111020
00021211
00012000
00000000
00000000
00000000

Valid moves for 1:
2, 4
2, 5
3, 2
3, 5
3, 6
4, 2
6, 6

Player 1: 3, 6

After move by Player 1
00022222
00001102
01111020
00021111
00012010
00000000
00000000
00000000


Round: 21
00022222
00001102
01111020
00021111
00012010
00000000
00000000
00000000

Valid moves for 2:
2, 3
2, 6
3, 2
4, 2
5, 5
6, 1
6, 3

Player 2: 6, 3

After move by Player 2
00022222
00021102
01121020
00021111
00012010
00000000
00000000
00000000


Round: 22
00022222
00021102
01121020
00021111
00012010
00000000
00000000
00000000

Valid moves for 1:
2, 3
2, 4
2, 5
3, 2
3, 5
4, 2
6, 2
6, 6
7, 2

Player 1: 6, 2

After move by Player 1
00022222
00111102
01111020
00021111
00012010
00000000
00000000
00000000


Round: 23
00022222
00111102
01111020
00021111
00012010
00000000
00000000
00000000

Valid moves for 2:
2, 3
2, 6
3, 2
4, 0
4, 1
4, 2
5, 5
6, 1

Player 2: 6, 1

After move by Player 2
00022222
02111102
01211020
00021111
00012010
00000000
00000000
00000000


Round: 24
00022222
02111102
01211020
00021111
00012010
00000000
00000000
00000000

Valid moves for 1:
2, 3
2, 4
3, 2
3, 5
4, 1
4, 2
6, 0
6, 6
7, 1

Player 1: 4, 2

After move by Player 1
00022222
02111102
01111020
00111111
00012010
00000000
00000000
00000000


Round: 25
00022222
02111102
01111020
00111111
00012010
00000000
00000000
00000000

Valid moves for 2:
2, 3
2, 6
3, 1
3, 2
4, 0
4, 1
5, 5
6, 6

Player 2: 6, 6

After move by Player 2
00022222
02222222
01111020
00111111
00012010
00000000
00000000
00000000


Round: 26
00022222
02222222
01111020
00111111
00012010
00000000
00000000
00000000

Valid moves for 1:
2, 3
2, 4
2, 5
3, 5
7, 0
7, 1
7, 2

Player 1: 7, 0

After move by Player 1
10022222
01222222
01111020
00111111
00012010
00000000
00000000
00000000


Round: 27
10022222
01222222
01111020
00111111
00012010
00000000
00000000
00000000

Valid moves for 2:
2, 3
2, 6
2, 7
3, 1
3, 2
3, 5
4, 0
4, 1
6, 0

Player 2: 6, 0

After move by Player 2
10022222
22222222
01111020
00111111
00012010
00000000
00000000
00000000


Round: 28
10022222
22222222
01111020
00111111
00012010
00000000
00000000
00000000

Valid moves for 1:
2, 3
2, 4
2, 5
3, 5
5, 0
7, 1
7, 2

Player 1: 5, 0

After move by Player 1
10022222
12222222
11111020
00111111
00012010
00000000
00000000
00000000


Round: 29
10022222
12222222
11111020
00111111
00012010
00000000
00000000
00000000

Valid moves for 2:
2, 3
2, 6
2, 7
3, 1
3, 2
3, 5
4, 0
4, 1

Player 2: 4, 1

After move by Player 2
10022222
12222222
12211020
02111111
00012010
00000000
00000000
00000000


Round: 30
10022222
12222222
12211020
02111111
00012010
00000000
00000000
00000000

Valid moves for 1:
2, 3
2, 4
2, 5
3, 2
3, 5
4, 0
7, 1
7, 2

Player 1: 3, 2

After move by Player 1
10022222
12222222
12211020
01111111
00112010
00000000
00000000
00000000


Round: 31
10022222
12222222
12211020
01111111
00112010
00000000
00000000
00000000

Valid moves for 2:
2, 1
2, 2
2, 3
2, 4
2, 6
2, 7
3, 0
3, 1
3, 5
5, 5

Player 2: 5, 5

After move by Player 2
10022222
12222222
12222220
01111111
00112010
00000000
00000000
00000000


Round: 32
10022222
12222222
12222220
01111111
00112010
00000000
00000000
00000000

Valid moves for 1:
2, 3
2, 4
2, 5
3, 5
5, 7
7, 1
7, 2

Player 1: 7, 1

After move by Player 1
11022222
11122222
11212220
01111111
00112010
00000000
00000000
00000000


Round: 33
11022222
11122222
11212220
01111111
00112010
00000000
00000000
00000000

Valid moves for 2:
2, 1
2, 2
2, 3
2, 6
2, 7
3, 0
3, 1
3, 5
3, 7
4, 0
7, 2

Player 2: 7, 2

After move by Player 2
11222222
11222222
11212220
01111111
00112010
00000000
00000000
00000000


Round: 34
11222222
11222222
11212220
01111111
00112010
00000000
00000000
00000000

Valid moves for 1:
2, 3
2, 4
2, 5
3, 5
5, 7

Player 1: 5, 7

After move by Player 1
11222222
11222222
11211111
01111111
00112010
00000000
00000000
00000000


Round: 35
11222222
11222222
11211111
01111111
00112010
00000000
00000000
00000000

Valid moves for 2:
2, 1
2, 2
2, 3
2, 6
2, 7
3, 0
3, 1
3, 5
3, 7
4, 0

Player 2: 4, 0

After move by Player 2
11222222
11222222
12211111
21111111
00112010
00000000
00000000
00000000


Round: 36
11222222
11222222
12211111
21111111
00112010
00000000
00000000
00000000

Valid moves for 1:
2, 3
2, 4
2, 5
3, 0
3, 5

Player 1: 3, 0

After move by Player 1
11222222
11222222
12211111
11111111
10112010
00000000
00000000
00000000


Round: 37
11222222
11222222
12211111
11111111
10112010
00000000
00000000
00000000

Valid moves for 2:
2, 1
2, 2
2, 3
2, 4
2, 6
2, 7
3, 1
3, 5
3, 7

Player 2: 3, 7

After move by Player 2
11222222
11222222
12211212
11111122
10112012
00000000
00000000
00000000


Round: 38
11222222
11222222
12211212
11111122
10112012
00000000
00000000
00000000

Valid moves for 1:
2, 3
2, 4
2, 5
3, 5

Player 1: 3, 5

After move by Player 1
11222222
11222222
12211212
11111122
10111112
00000000
00000000
00000000


Round: 39
11222222
11222222
12211212
11111122
10111112
00000000
00000000
00000000

Valid moves for 2:
2, 1
2, 2
2, 3
2, 4
2, 5
2, 6
2, 7
3, 1

Player 2: 3, 1

After move by Player 2
11222222
11222222
12221212
12211122
12222222
00000000
00000000
00000000


Round: 40
11222222
11222222
12221212
12211122
12222222
00000000
00000000
00000000

Valid moves for 1:
2, 1
2, 2
2, 3
2, 4
2, 5
2, 6
2, 7

Player 1: 2, 6

After move by Player 1
11222222
11222222
12221212
12211112
12222112
00000010
00000000
00000000


Round: 41
11222222
11222222
12221212
12211112
12222112
00000010
00000000
00000000

Valid moves for 2:
1, 5
1, 6
1, 7
2, 4
2, 5
2, 7

Player 2: 2, 7

After move by Player 2
11222222
11222222
12222212
12211212
12222122
00000012
00000000
00000000


Round: 42
11222222
11222222
12222212
12211212
12222122
00000012
00000000
00000000

Valid moves for 1:
2, 1
2, 2
2, 3
2, 4
2, 5

Player 1: 2, 1

After move by Player 1
11222222
11222222
11222212
11211212
11122122
01000012
00000000
00000000


Round: 43
11222222
11222222
11222212
11211212
11122122
01000012
00000000
00000000

Valid moves for 2:
1, 0
1, 5
1, 6
1, 7
2, 0
2, 2
2, 4
2, 5

Player 2: 2, 5

After move by Player 2
11222222
11222222
11222212
11211212
11122222
01000222
00000000
00000000


Round: 44
11222222
11222222
11222212
11211212
11122222
01000222
00000000
00000000

Valid moves for 1:
1, 6
1, 7
2, 2
2, 3
2, 4

Player 1: 1, 6

After move by Player 1
11222222
11222222
11222212
11211212
11121212
01000112
00000010
00000000


Round: 45
11222222
11222222
11222212
11211212
11121212
01000112
00000010
00000000

Valid moves for 2:
0, 5
0, 6
0, 7
1, 0
1, 4
1, 5
1, 7
2, 0
2, 2
2, 3
2, 4

Player 2: 2, 4

After move by Player 2
11222222
11222222
11222212
11212212
11122212
01002222
00000010
00000000


Round: 46
11222222
11222222
11222212
11212212
11122212
01002222
00000010
00000000

Valid moves for 1:
1, 3
1, 4
1, 5
1, 7
2, 3

Player 1: 1, 3

After move by Player 1
11222222
11222222
11222212
11212212
11122112
01001222
00010010
00000000


Round: 47
11222222
11222222
11222212
11212212
11122112
01001222
00010010
00000000

Valid moves for 2:
0, 2
0, 5
0, 6
0, 7
1, 0
1, 4
1, 5
2, 0
2, 2
2, 3

Player 2: 2, 3

After move by Player 2
11222222
11222222
11222212
11212212
11122112
01022222
00010010
00000000


Round: 48
11222222
11222222
11222212
11212212
11122112
01022222
00010010
00000000

Valid moves for 1:
1, 2
1, 4
1, 5
1, 7

Player 1: 1, 2

After move by Player 1
11222222
11222222
11222212
11212112
11121112
01012222
00110010
00000000


Round: 49
11222222
11222222
11222212
11212112
11121112
01012222
00110010
00000000

Valid moves for 2:
0, 1
0, 2
0, 3
0, 5
0, 6
0, 7
1, 0
2, 0
2, 2

Player 2: 2, 2

After move by Player 2
11222222
11222222
11222212
11212112
11221112
01222222
00110010
00000000


Round: 50
11222222
11222222
11222212
11212112
11221112
01222222
00110010
00000000

Valid moves for 1:
1, 4
1, 5
1, 7

Player 1: 1, 5

After move by Player 1
11222222
11222222
11222212
11112112
11211112
01221122
00110110
00000000


Round: 51
11222222
11222222
11222212
11112112
11211112
01221122
00110110
00000000

Valid moves for 2:
0, 1
0, 2
0, 3
0, 4
0, 5
0, 6
0, 7
1, 0
1, 4
2, 0

Player 2: 2, 0

After move by Player 2
11222222
11222222
11222212
11212112
12211112
22221122
00110110
00000000


Round: 52
11222222
11222222
11222212
11212112
12211112
22221122
00110110
00000000

Valid moves for 1:
1, 0
1, 1
1, 4
1, 7

Player 1: 1, 0

After move by Player 1
11222222
11222222
11222212
11212112
12111112
11221122
10110110
00000000


Round: 53
11222222
11222222
11222212
11212112
12111112
11221122
10110110
00000000

Valid moves for 2:
0, 1
0, 2
0, 3
0, 4
0, 5
0, 6
0, 7
1, 1
1, 4

Player 2: 1, 4

After move by Player 2
11222222
11222222
11222212
11212112
12112122
11222222
10112110
00000000


Round: 54
11222222
11222222
11222212
11212112
12112122
11222222
10112110
00000000

Valid moves for 1:
0, 5
1, 1
1, 7

Player 1: 0, 5

After move by Player 1
11222222
11222222
11222212
11212112
12112122
11212222
10111110
00000100


Round: 55
11222222
11222222
11222212
11212112
12112122
11212222
10111110
00000100

Valid moves for 2:
0, 1
0, 2
0, 3
0, 4
0, 6
0, 7
1, 1

Player 2: 1, 1

After move by Player 2
11222222
11222222
11222212
11212112
12112122
12212222
12111110
00000100


Round: 56
11222222
11222222
11222212
11212112
12112122
12212222
12111110
00000100

Valid moves for 1:
0, 0
0, 1
0, 2
1, 7

Player 1: 0, 1

After move by Player 1
11222222
11222222
11222212
11212112
11112122
11212222
11111110
01000100


Round: 57
11222222
11222222
11222212
11212112
11112122
11212222
11111110
01000100

Valid moves for 2:
0, 0
0, 2
0, 3
0, 4
0, 6
0, 7

Player 2: 0, 7

After move by Player 2
11222222
11222222
11222212
11212112
11112122
11212222
11111120
01000102


Round: 58
11222222
11222222
11222212
11212112
11112122
11212222
11111120
01000102

Valid moves for 1:
0, 6
1, 7

Player 1: 1, 7

After move by Player 1
11222222
11222222
11222212
11212112
11112122
11212212
11111111
01000102


Round: 59
11222222
11222222
11222212
11212112
11112122
11212212
11111111
01000102

Valid moves for 2:
0, 0
0, 2
0, 3
0, 4
0, 6

Player 2: 0, 6

After move by Player 2
11222222
11222222
11222212
11212112
11112122
11212222
11111221
01000122


Round: 60
11222222
11222222
11222212
11212112
11112122
11212222
11111221
01000122

Valid moves for 1:

Player 1 can't move

Round: 60
11222222
11222222
11222212
11212112
11112122
11212222
11111221
01000122

Valid moves for 2:
0, 0
0, 2
0, 3
0, 4

Player 2: 0, 4

After move by Player 2
11222222
11222222
11222212
11212112
11112122
11212222
11122221
01002222


Round: 61
11222222
11222222
11222212
11212112
11112122
11212222
11122221
01002222

Valid moves for 1:
0, 2
0, 3

Player 1: 0, 2

After move by Player 1
11222222
11222222
11222212
11212112
11112122
11211222
11112221
01102222


Round: 62
11222222
11222222
11222212
11212112
11112122
11211222
11112221
01102222

Valid moves for 2:
0, 0
0, 3

Player 2: 0, 3

After move by Player 2
11222222
11222222
11222212
11222112
11122122
11221222
11122221
01122222


Round: 63
11222222
11222222
11222212
11222112
11122122
11221222
11122221
01122222

Valid moves for 1:

Player 1 can't move

Round: 63
11222222
11222222
11222212
11222112
11122122
11221222
11122221
01122222

Valid moves for 2:
0, 0

Player 2: 0, 0

After move by Player 2
11222222
11222222
11222212
11222112
11122122
11221222
12122221
22222222


Round: 64
11222222
11222222
11222212
11222112
11122122
11221222
12122221
22222222

Valid moves for 1:

Player 1 can't move

Round: 64
11222222
11222222
11222212
11222112
11122122
11221222
12122221
22222222

Valid moves for 2:

Player 2 can't move

Black: 21
White: 43

